
Results Patient6
RSME: 0.05005155519538949
Performance: 20.020622078155796
Sensitivity_P: 0.0
Specificity_P: 0.6
