
Results Patient9
RSME_P: 0.048343801344699844
Performance_P: 19.33752053787994
Sensitivity_P: 0.0Specificity_P: 0.4
