
Results Patient3
RSME: 0.05860680963542547
Performance: 23.44272385417019
Sensitivity_P: 1.0
Specificity_P: 0.6
