
Results Patient0
RSME: 0.06424076316227656
Performance: 25.696305264910624
Sensitivity_P: 0.7142857142857143
Specificity_P: 1.0
