
Results Patient11
RSME: 0.05653641387767341
Performance: 22.61456555106936
Sensitivity_P: 0.7142857142857143
Specificity_P: 0.8
