
Results Patient5
RSME: 0.11118289285726322
Performance: 44.473157142905286
Sensitivity_P: 0.8
Specificity_P: 0.5454545454545454
