
Results Patient9
RSME: 0.048343801344699844
Performance: 19.33752053787994
Sensitivity_P: 0.0
Specificity_P: 0.4
