
Results Patient2
RSME: 0.05182488207539275
Performance: 20.7299528301571
Sensitivity_P: 1.0
Specificity_P: 0.875
