
Results Patient7
RSME: 0.0689152991577278
Performance: 27.566119663091122
Sensitivity_P: 0.8571428571428571
Specificity_P: 0.875
