
Results Patient10
RSME: 0.06094601650171002
Performance: 24.37840660068401
Sensitivity_P: 0.25
Specificity_P: 1.0
