
Results Patient1
RSME: 0.04681099365254898
Performance: 18.724397461019592
Sensitivity_P: 1.0
Specificity_P: 1.0
