
Results Patient0
RSME: 0.1098350843613605
Performance: 43.9340337445442
Sensitivity_P: 0.0
Specificity_P: 0.9
