
Results Patient7
RSME: 0.10860634343803402
Performance: 43.44253737521361
Sensitivity_P: 0.5714285714285714
Specificity_P: 0.7
