
Results Patient6
RSME: 0.08240525618253834
Performance: 32.962102473015335
Sensitivity_P: 0.0
Specificity_P: 0.6
