
Results Patient5
RSME: 0.1613521071322769
Performance: 64.54084285291076
Sensitivity_P: 0.8
Specificity_P: 0.5
