
Results Patient6
RSME_P: 0.08240525618253834
Performance_P: 32.962102473015335
Sensitivity_P: 0.0Specificity_P: 0.6
