
Results Patient1
RSME: 0.08961980418343614
Performance: 35.84792167337446
Sensitivity_P: 0.0
Specificity_P: 0.5
