
Results Patient9
RSME: 0.08598266314396008
Performance: 34.393065257584034
Sensitivity_P: 0.0
Specificity_P: 0.4
