
Results Patient3
RSME: 0.09788304575340936
Performance: 39.153218301363744
Sensitivity_P: 1.0
Specificity_P: 0.5
