
Results Patient1
RSME_P: 0.08961980418343614
Performance_P: 35.84792167337446
Sensitivity_P: 0.0Specificity_P: 0.5
