
Results Patient10
RSME: 0.0907406741097331
Performance: 36.29626964389324
Sensitivity_P: 0.0
Specificity_P: 1.0
