
Results Patient2
RSME: 0.09421991823241296
Performance: 37.68796729296518
Sensitivity_P: 0.3333333333333333
Specificity_P: 0.5
