
Results Patient4
RSME: 0.08033260456904029
Performance: 32.13304182761612
Sensitivity_P: 0.5
Specificity_P: 0.75
