
Results Patient9
RSME_P: 0.08598266314396008
Performance_P: 34.393065257584034
Sensitivity_P: 0.0Specificity_P: 0.4
