
Results Patient11
RSME: 0.09321384384587841
Performance: 37.28553753835136
Sensitivity_P: 0.25
Specificity_P: 0.6428571428571429
